$MeshFormat
2.2 0 8
$EndMeshFormat
$Nodes
3417
1 0 0 0
2 1 0 0
3 0 1 0
4 0 0 1
5 0.06249999999987061 0 0
6 0.1249999999997738 0 0
7 0.1874999999995911 0 0
8 0.2499999999994083 0 0
9 0.3124999999992242 0 0
10 0.37499999999904 0 0
11 0.4374999999988559 0 0
12 0.4999999999986718 0 0
13 0.5624999999988378 0 0
14 0.6249999999990038 0 0
15 0.6874999999991699 0 0
16 0.7499999999993359 0 0
17 0.812499999999502 0 0
18 0.8749999999996679 0 0
19 0.937499999999834 0 0
20 0 0.06249999999987061 0
21 0 0.1249999999997738 0
22 0 0.1874999999995911 0
23 0 0.2499999999994083 0
24 0 0.3124999999992242 0
25 0 0.37499999999904 0
26 0 0.4374999999988559 0
27 0 0.4999999999986718 0
28 0 0.5624999999988378 0
29 0 0.6249999999990038 0
30 0 0.6874999999991699 0
31 0 0.7499999999993359 0
32 0 0.812499999999502 0
33 0 0.8749999999996679 0
34 0 0.937499999999834 0
35 0 0 0.06249999999987061
36 0 0 0.1249999999997738
37 0 0 0.1874999999995911
38 0 0 0.2499999999994083
39 0 0 0.3124999999992242
40 0 0 0.37499999999904
41 0 0 0.4374999999988559
42 0 0 0.4999999999986718
43 0 0 0.5624999999988378
44 0 0 0.6249999999990038
45 0 0 0.6874999999991699
46 0 0 0.7499999999993359
47 0 0 0.812499999999502
48 0 0 0.8749999999996679
49 0 0 0.937499999999834
50 0.9687500000000882 0.03124999999991183 0
51 0.9375000000001689 0.06249999999983113 0
52 0.906250000000221 0.09374999999977898 0
53 0.8750000000002724 0.1249999999997276 0
54 0.8437500000004274 0.1562499999995726 0
55 0.8125000000005458 0.1874999999994543 0
56 0.7812500000006698 0.2187499999993302 0
57 0.7500000000007968 0.2499999999992032 0
58 0.7187500000009066 0.2812499999990934 0
59 0.6875000000010014 0.3124999999989985 0
60 0.6562500000011066 0.3437499999988934 0
61 0.6250000000012405 0.3749999999987595 0
62 0.5937500000013626 0.4062499999986374 0
63 0.5625000000014688 0.4374999999985312 0
64 0.5312500000015823 0.4687499999984177 0
65 0.5000000000016841 0.4999999999983159 0
66 0.4687500000015788 0.5312499999984212 0
67 0.4375000000014736 0.5624999999985264 0
68 0.4062500000013683 0.5937499999986317 0
69 0.375000000001263 0.624999999998737 0
70 0.3437500000011577 0.6562499999988423 0
71 0.3125000000010525 0.6874999999989475 0
72 0.2812500000009472 0.7187499999990528 0
73 0.250000000000842 0.749999999999158 0
74 0.2187500000007367 0.7812499999992633 0
75 0.1875000000006315 0.8124999999993685 0
76 0.1562500000005262 0.8437499999994738 0
77 0.125000000000421 0.874999999999579 0
78 0.09375000000031575 0.9062499999996843 0
79 0.0625000000002105 0.9374999999997895 0
80 0.03125000000010525 0.9687499999998948 0
81 0.9687500000000882 0 0.03124999999991183
82 0.9375000000001689 0 0.06249999999983113
83 0.906250000000221 0 0.09374999999977898
84 0.8750000000002724 0 0.1249999999997276
85 0.8437500000004274 0 0.1562499999995726
86 0.8125000000005458 0 0.1874999999994543
87 0.7812500000006698 0 0.2187499999993302
88 0.7500000000007968 0 0.2499999999992032
89 0.7187500000009066 0 0.2812499999990934
90 0.6875000000010014 0 0.3124999999989985
91 0.6562500000011066 0 0.3437499999988934
92 0.6250000000012405 0 0.3749999999987595
93 0.5937500000013626 0 0.4062499999986374
94 0.5625000000014688 0 0.4374999999985312
95 0.5312500000015823 0 0.4687499999984177
96 0.5000000000016841 0 0.4999999999983159
97 0.4687500000015788 0 0.5312499999984212
98 0.4375000000014736 0 0.5624999999985264
99 0.4062500000013683 0 0.5937499999986317
100 0.375000000001263 0 0.624999999998737
101 0.3437500000011577 0 0.6562499999988423
102 0.3125000000010525 0 0.6874999999989475
103 0.2812500000009472 0 0.7187499999990528
104 0.250000000000842 0 0.749999999999158
105 0.2187500000007367 0 0.7812499999992633
106 0.1875000000006315 0 0.8124999999993685
107 0.1562500000005262 0 0.8437499999994738
108 0.125000000000421 0 0.874999999999579
109 0.09375000000031575 0 0.9062499999996843
110 0.0625000000002105 0 0.9374999999997895
111 0.03125000000010525 0 0.9687499999998948
112 0 0.9687500000000882 0.03124999999991183
113 0 0.9375000000001689 0.06249999999983113
114 0 0.906250000000221 0.09374999999977898
115 0 0.8750000000002724 0.1249999999997276
116 0 0.8437500000004274 0.1562499999995726
117 0 0.8125000000005458 0.1874999999994543
118 0 0.7812500000006698 0.2187499999993302
119 0 0.7500000000007968 0.2499999999992032
120 0 0.7187500000009066 0.2812499999990934
121 0 0.6875000000010014 0.3124999999989985
122 0 0.6562500000011066 0.3437499999988934
123 0 0.6250000000012405 0.3749999999987595
124 0 0.5937500000013626 0.4062499999986374
125 0 0.5625000000014688 0.4374999999985312
126 0 0.5312500000015823 0.4687499999984177
127 0 0.5000000000016841 0.4999999999983159
128 0 0.4687500000015788 0.5312499999984212
129 0 0.4375000000014736 0.5624999999985264
130 0 0.4062500000013683 0.5937499999986317
131 0 0.375000000001263 0.624999999998737
132 0 0.3437500000011577 0.6562499999988423
133 0 0.3125000000010525 0.6874999999989475
134 0 0.2812500000009472 0.7187499999990528
135 0 0.250000000000842 0.749999999999158
136 0 0.2187500000007367 0.7812499999992633
137 0 0.1875000000006315 0.8124999999993685
138 0 0.1562500000005262 0.8437499999994738
139 0 0.125000000000421 0.874999999999579
140 0 0.09375000000031575 0.9062499999996843
141 0 0.0625000000002105 0.9374999999997895
142 0 0.03125000000010525 0.9687499999998948
143 0.5000000000016841 0.2499999999991579 0.249999999999158
144 0.250000000000842 0.5 0.249999999999158
145 0.250000000000842 0.250000000000842 0.4999999999983159
146 0.500000000001684 0.3749999999987368 0.1249999999995791
147 0.6250000000012405 0.2499999999991805 0.1249999999995791
148 0.6250000000012406 0.1249999999995788 0.2499999999991807
149 0.7500000000007969 0.1249999999996015 0.1249999999996017
150 0.5000000000016841 0.124999999999579 0.3749999999987369
151 0.125000000000421 0.5000000000008421 0.3749999999987369
152 0.1250000000004209 0.6250000000003985 0.2499999999991807
153 0.2500000000008419 0.624999999999579 0.1249999999995791
154 0.1250000000004209 0.7499999999999774 0.1249999999996017
155 0.375000000001263 0.4999999999991579 0.1249999999995791
156 0.3750000000012631 0.125000000000421 0.4999999999983159
157 0.250000000000842 0.125000000000421 0.624999999998737
158 0.125000000000421 0.250000000000842 0.624999999998737
159 0.125000000000421 0.125000000000421 0.749999999999158
160 0.125000000000421 0.3750000000012631 0.4999999999983159
161 0.3750000000012631 0.25 0.3749999999987369
162 0.375000000001263 0.3749999999995789 0.249999999999158
163 0.250000000000842 0.3750000000004211 0.3749999999987369
164 0.500000000001684 0.4374999999985263 0.06249999999978961
165 0.5625000000014622 0.3749999999987482 0.06249999999978961
166 0.5625000000014623 0.3124999999989586 0.1249999999995791
167 0.6250000000012403 0.31249999999897 0.06249999999978961
168 0.500000000001684 0.3124999999989473 0.1874999999993686
169 0.5625000000014622 0.2499999999991692 0.1874999999993686
170 0.6875000000010186 0.2499999999991918 0.06249999999978961
171 0.5625000000014623 0.1874999999993684 0.2499999999991693
172 0.6250000000012405 0.1874999999993796 0.1874999999993799
173 0.6875000000010187 0.1249999999995902 0.1874999999993912
174 0.6875000000010186 0.1874999999993909 0.1249999999995904
175 0.6875000000010186 0.06249999999978939 0.249999999999192
176 0.7500000000007969 0.06249999999980071 0.1874999999994024
177 0.7500000000007969 0.1874999999994023 0.06249999999980083
178 0.5000000000016841 0.1874999999993684 0.3124999999989475
179 0.5625000000014623 0.1249999999995789 0.3124999999989588
180 0.5625000000014624 0.06249999999978945 0.3749999999987482
181 0.6250000000012405 0.06249999999978939 0.3124999999989702
182 0.5000000000016841 0.06249999999978947 0.4374999999985264
183 0.8125000000005347 0.1249999999996644 0.06249999999980083
184 0.8125000000005347 0.06249999999980077 0.1249999999996645
185 0.8750000000002726 0.06249999999986366 0.06249999999986378
186 0.0625000000002105 0.5000000000012631 0.4374999999985264
187 0.0625000000002105 0.5625000000010413 0.3749999999987482
188 0.1250000000004209 0.5625000000006203 0.3124999999989588
189 0.06250000000021039 0.6250000000008195 0.3124999999989702
190 0.1875000000006315 0.500000000000421 0.3124999999989475
191 0.1875000000006315 0.5625000000001992 0.2499999999991693
192 0.06250000000021039 0.6875000000005976 0.249999999999192
193 0.2500000000008419 0.5624999999997895 0.1874999999993686
194 0.1875000000006314 0.6249999999999887 0.1874999999993799
195 0.1875000000006314 0.6874999999997782 0.1249999999995904
196 0.1250000000004209 0.687500000000188 0.1874999999993912
197 0.2500000000008419 0.6874999999993685 0.06249999999978961
198 0.1875000000006314 0.7499999999995677 0.06249999999980083
199 0.06250000000021044 0.7500000000003872 0.1874999999994024
200 0.3125000000010525 0.4999999999995789 0.1874999999993686
201 0.3125000000010524 0.5624999999993684 0.1249999999995791
202 0.375000000001263 0.5624999999989474 0.06249999999978961
203 0.3125000000010524 0.624999999999158 0.06249999999978961
204 0.4375000000014735 0.4999999999987369 0.06249999999978961
205 0.06250000000021044 0.812500000000125 0.1249999999996645
206 0.1250000000004209 0.8124999999997782 0.06249999999980083
207 0.06250000000021044 0.8749999999999258 0.06249999999986378
208 0.4375000000014736 0.06250000000021047 0.4999999999983159
209 0.375000000001263 0.0625000000002105 0.5624999999985265
210 0.3125000000010525 0.125000000000421 0.5624999999985265
211 0.3125000000010525 0.06250000000021047 0.624999999998737
212 0.3125000000010525 0.1875000000006316 0.4999999999983159
213 0.250000000000842 0.1875000000006315 0.5624999999985265
214 0.250000000000842 0.06250000000021051 0.6874999999989475
215 0.1875000000006315 0.250000000000842 0.5624999999985265
216 0.1875000000006315 0.1875000000006315 0.624999999998737
217 0.125000000000421 0.1875000000006315 0.6874999999989475
218 0.1875000000006315 0.125000000000421 0.6874999999989475
219 0.06250000000021051 0.250000000000842 0.6874999999989475
220 0.06250000000021048 0.1875000000006315 0.749999999999158
221 0.1875000000006315 0.06250000000021048 0.749999999999158
222 0.1875000000006316 0.3125000000010525 0.4999999999983159
223 0.125000000000421 0.3125000000010525 0.5624999999985265
224 0.0625000000002105 0.375000000001263 0.5624999999985265
225 0.06250000000021047 0.3125000000010525 0.624999999998737
226 0.06250000000021047 0.4375000000014736 0.4999999999983159
227 0.125000000000421 0.06250000000021047 0.8124999999993685
228 0.06250000000021047 0.125000000000421 0.8124999999993685
229 0.0625000000002105 0.0625000000002105 0.874999999999579
230 0.4375000000014736 0.125 0.4374999999985264
231 0.4375000000014736 0.1874999999997895 0.3749999999987369
232 0.3750000000012631 0.1875000000002105 0.4374999999985264
233 0.4375000000014735 0.2499999999995789 0.3124999999989475
234 0.3125000000010525 0.2500000000004211 0.4374999999985264
235 0.4375000000014735 0.3124999999993684 0.249999999999158
236 0.375000000001263 0.3124999999997894 0.3124999999989475
237 0.3125000000010525 0.375 0.3124999999989475
238 0.3125000000010525 0.3125000000002106 0.3749999999987369
239 0.3125000000010525 0.4374999999997895 0.249999999999158
240 0.250000000000842 0.4375000000002105 0.3124999999989475
241 0.250000000000842 0.3125000000006316 0.4374999999985264
242 0.4375000000014735 0.3749999999991579 0.1874999999993686
243 0.4375000000014735 0.4374999999989474 0.1249999999995791
244 0.375000000001263 0.4374999999993684 0.1874999999993686
245 0.1875000000006315 0.3750000000008421 0.4374999999985264
246 0.1875000000006315 0.4375000000006316 0.3749999999987369
247 0.125000000000421 0.4375000000010526 0.4374999999985264
248 0.500000000001684 0.4687499999984211 0.03124999999989486
249 0.5312500000015764 0.4374999999985287 0.03124999999989486
250 0.5312500000015731 0.4062499999986373 0.06249999999978961
251 0.5625000000014655 0.4062499999986396 0.03124999999989486
252 0.500000000001684 0.4062499999986316 0.09374999999968436
253 0.5312500000015731 0.3749999999987426 0.09374999999968436
254 0.5937500000013513 0.3749999999987538 0.03124999999989486
255 0.5312500000015732 0.3437499999988478 0.1249999999995791
256 0.5625000000014622 0.3437499999988534 0.09374999999968436
257 0.5937500000013514 0.3124999999989643 0.09374999999968436
258 0.5937500000013514 0.3437499999988591 0.06249999999978961
259 0.5937500000013514 0.2812499999990695 0.1249999999995791
260 0.6250000000012405 0.2812499999990752 0.09374999999968436
261 0.6250000000012403 0.3437499999988647 0.03124999999989486
262 0.500000000001684 0.3437499999988421 0.1562499999994739
263 0.5312500000015732 0.312499999998953 0.1562499999994739
264 0.5312500000015732 0.2812499999990583 0.1874999999993686
265 0.5625000000014622 0.2812499999990639 0.1562499999994739
266 0.5000000000016841 0.2812499999990526 0.2187499999992633
267 0.5312500000015732 0.2499999999991636 0.2187499999992633
268 0.5937500000013514 0.2499999999991748 0.1562499999994739
269 0.6562500000011209 0.3124999999989842 0.03124999999989486
270 0.6562500000011295 0.2812499999990808 0.06249999999978961
271 0.6875000000010101 0.2812499999990951 0.03124999999989486
272 0.6562500000011295 0.2499999999991861 0.09374999999968436
273 0.7187500000009077 0.2499999999991974 0.03124999999989486
274 0.5312500000015732 0.2187499999992631 0.2499999999991637
275 0.5625000000014623 0.2187499999992688 0.2187499999992689
276 0.5937500000013514 0.187499999999374 0.2187499999992747
277 0.5937500000013514 0.2187499999992744 0.1874999999993743
278 0.5937500000013514 0.1562499999994736 0.2499999999991751
279 0.6250000000012405 0.1562499999994792 0.2187499999992804
280 0.6250000000012405 0.21874999999928 0.1562499999994795
281 0.6562500000011295 0.1249999999995845 0.2187499999992859
282 0.6562500000011295 0.1562499999994849 0.1874999999993855
283 0.6875000000010187 0.1562499999994906 0.1562499999994907
284 0.6562500000011295 0.1874999999993853 0.1562499999994852
285 0.7187500000009077 0.1249999999995958 0.1562499999994964
286 0.7187500000009077 0.1562499999994962 0.124999999999596
287 0.6562500000011295 0.2187499999992857 0.1249999999995848
288 0.6562500000011295 0.09374999999968409 0.2499999999991863
289 0.6875000000010187 0.09374999999968975 0.2187499999992916
290 0.7187500000009078 0.06249999999979505 0.2187499999992971
291 0.7187500000009077 0.09374999999969541 0.1874999999993968
292 0.7187500000009077 0.0312499999998947 0.2499999999991975
293 0.7500000000007969 0.0312499999999003 0.2187499999993028
294 0.7500000000007969 0.09374999999970107 0.1562499999995021
295 0.6875000000010186 0.2187499999992913 0.09374999999969003
296 0.7187500000009077 0.1874999999993966 0.09374999999969558
297 0.7187500000009077 0.218749999999297 0.06249999999979527
298 0.7500000000007969 0.1562499999995019 0.09374999999970124
299 0.7500000000007968 0.2187499999993027 0.03124999999990052
300 0.5000000000016841 0.2187499999992631 0.2812499999990528
301 0.5312500000015732 0.1874999999993684 0.2812499999990584
302 0.5312500000015732 0.1562499999994736 0.3124999999989532
303 0.5625000000014623 0.1562499999994736 0.2812499999990641
304 0.5000000000016842 0.1562499999994737 0.3437499999988421
305 0.5312500000015733 0.1249999999995789 0.3437499999988478
306 0.5937500000013514 0.1249999999995789 0.2812499999990697
307 0.5312500000015732 0.09374999999968422 0.3749999999987426
308 0.5625000000014623 0.09374999999968411 0.3437499999988536
309 0.5937500000013514 0.06249999999978945 0.3437499999988591
310 0.5937500000013514 0.0937499999996842 0.3124999999989644
311 0.5937500000013514 0.03124999999989464 0.374999999998754
312 0.6250000000012406 0.0312499999998947 0.3437499999988648
313 0.6250000000012405 0.09374999999968414 0.2812499999990754
314 0.5000000000016841 0.09374999999968422 0.4062499999986317
315 0.5312500000015732 0.06249999999978947 0.4062499999986373
316 0.5312500000015765 0.03124999999989475 0.4374999999985287
317 0.5625000000014656 0.03124999999989475 0.4062499999986396
318 0.5000000000016841 0.03124999999989472 0.4687499999984212
319 0.6562500000011295 0.06249999999978939 0.2812499999990811
320 0.656250000001121 0.03124999999989464 0.3124999999989844
321 0.6875000000010101 0.03124999999989464 0.2812499999990953
322 0.7812500000006712 0.1874999999994282 0.03124999999990052
323 0.7812500000006658 0.1562499999995334 0.06249999999980083
324 0.8125000000005402 0.1562499999995593 0.03124999999990052
325 0.7812500000006658 0.124999999999633 0.09374999999970124
326 0.8437500000004036 0.1249999999996959 0.03124999999990052
327 0.7812500000006657 0.09374999999970107 0.1249999999996332
328 0.8125000000005347 0.09374999999973249 0.09374999999973277
329 0.8437500000004037 0.06249999999983219 0.09374999999976419
330 0.8437500000004036 0.09374999999976408 0.06249999999983236
331 0.8437500000004037 0.03124999999990036 0.1249999999996959
332 0.8750000000002727 0.03124999999993189 0.0937499999997955
333 0.8750000000002724 0.09374999999979544 0.03124999999993205
334 0.7812500000006657 0.06249999999980071 0.1562499999995336
335 0.7812500000006714 0.0312499999999003 0.1874999999994283
336 0.8125000000005403 0.0312499999999003 0.1562499999995594
337 0.9062500000002207 0.06249999999984729 0.03124999999993205
338 0.9062500000002207 0.03124999999993178 0.06249999999984746
339 0.937500000000169 0.03124999999991535 0.03124999999991573
340 0.03125000000010522 0.5000000000014736 0.4687499999984212
341 0.03125000000010525 0.531250000001366 0.4374999999985287
342 0.0625000000002105 0.5312500000011522 0.4062499999986373
343 0.03125000000010525 0.5625000000012551 0.4062499999986396
344 0.09375000000031575 0.5000000000010526 0.4062499999986317
345 0.09375000000031575 0.5312500000009417 0.3749999999987426
346 0.03125000000010519 0.5937500000011409 0.374999999998754
347 0.125000000000421 0.5312500000007312 0.3437499999988478
348 0.09375000000031569 0.5625000000008307 0.3437499999988536
349 0.09375000000031569 0.5937500000007199 0.3124999999989644
350 0.06250000000021044 0.5937500000009304 0.3437499999988591
351 0.1250000000004209 0.5937500000005094 0.2812499999990697
352 0.09375000000031564 0.625000000000609 0.2812499999990754
353 0.03125000000010525 0.62500000000103 0.3437499999988648
354 0.1562500000005263 0.5000000000006316 0.3437499999988421
355 0.1562500000005262 0.5312500000005206 0.3124999999989532
356 0.1875000000006315 0.5312500000003101 0.2812499999990584
357 0.1562500000005262 0.5625000000004097 0.2812499999990641
358 0.2187500000007367 0.5000000000002105 0.2812499999990528
359 0.2187500000007367 0.5312500000000996 0.2499999999991637
360 0.1562500000005261 0.5937500000002988 0.2499999999991751
361 0.03125000000010519 0.6562500000009104 0.3124999999989844
362 0.06250000000021039 0.6562500000007085 0.2812499999990811
363 0.03125000000010519 0.6875000000007996 0.2812499999990953
364 0.09375000000031564 0.656250000000498 0.2499999999991863
365 0.03125000000010519 0.7187500000006972 0.2499999999991975
366 0.250000000000842 0.5312499999998948 0.2187499999992633
367 0.2187500000007367 0.5624999999999943 0.2187499999992689
368 0.2187500000007367 0.5937499999998891 0.1874999999993743
369 0.1875000000006314 0.5937500000000939 0.2187499999992747
370 0.2500000000008419 0.5937499999996843 0.1562499999994739
371 0.2187500000007367 0.6249999999997837 0.1562499999994795
372 0.1562500000005261 0.6250000000001935 0.2187499999992804
373 0.2187500000007367 0.6562499999996785 0.1249999999995848
374 0.1875000000006314 0.6562499999998834 0.1562499999994852
375 0.1562500000005262 0.6874999999999831 0.1562499999994907
376 0.1562500000005262 0.6562500000000884 0.1874999999993855
377 0.1562500000005262 0.7187499999998779 0.124999999999596
378 0.1250000000004209 0.7187500000000826 0.1562499999994964
379 0.1250000000004209 0.6562500000002932 0.2187499999992859
380 0.2500000000008419 0.6562499999994738 0.09374999999968436
381 0.2187500000007366 0.6874999999995733 0.09374999999969003
382 0.2187500000007366 0.7187499999994681 0.06249999999979527
383 0.1875000000006314 0.7187499999996729 0.09374999999969558
384 0.2500000000008419 0.7187499999992633 0.03124999999989486
385 0.2187500000007366 0.7499999999993628 0.03124999999990052
386 0.1562500000005262 0.7499999999997726 0.09374999999970124
387 0.09375000000031564 0.6875000000003928 0.2187499999992916
388 0.09375000000031564 0.7187500000002875 0.1874999999993968
389 0.06250000000021044 0.7187500000004925 0.2187499999992971
390 0.09375000000031564 0.7500000000001823 0.1562499999995021
391 0.03125000000010514 0.7500000000005921 0.2187499999993028
392 0.2812500000009472 0.4999999999997895 0.2187499999992633
393 0.2812500000009472 0.5312499999996843 0.1874999999993686
394 0.3125000000010524 0.5312499999994736 0.1562499999994739
395 0.2812500000009472 0.562499999999579 0.1562499999994739
396 0.3437500000011577 0.4999999999993684 0.1562499999994739
397 0.3437500000011577 0.5312499999992631 0.1249999999995791
398 0.2812500000009472 0.5937499999994738 0.1249999999995791
399 0.375000000001263 0.5312499999990526 0.09374999999968436
400 0.3437500000011577 0.5624999999991579 0.09374999999968436
401 0.3437500000011577 0.5937499999990526 0.06249999999978961
402 0.3125000000010525 0.5937499999992631 0.09374999999968436
403 0.3750000000012629 0.5937499999988421 0.03124999999989486
404 0.3437500000011577 0.6249999999989475 0.03124999999989486
405 0.2812500000009472 0.6249999999993685 0.09374999999968436
406 0.4062500000013682 0.4999999999989474 0.09374999999968436
407 0.4062500000013682 0.5312499999988421 0.06249999999978961
408 0.4375000000014735 0.5312499999986317 0.03124999999989486
409 0.4062500000013682 0.5624999999987369 0.03124999999989486
410 0.4687500000015787 0.4999999999985264 0.03124999999989486
411 0.2812500000009471 0.6562499999992633 0.06249999999978961
412 0.3125000000010524 0.6562499999990528 0.03124999999989486
413 0.2812500000009471 0.687499999999158 0.03124999999989486
414 0.03125000000010519 0.7812500000004665 0.1874999999994283
415 0.06250000000021033 0.781250000000256 0.1562499999995336
416 0.03125000000010519 0.8125000000003355 0.1562499999995594
417 0.09375000000031564 0.7812500000000512 0.1249999999996332
418 0.03125000000010525 0.8437500000001988 0.1249999999996959
419 0.1250000000004209 0.7812499999998779 0.09374999999970124
420 0.09375000000031564 0.8124999999999516 0.09374999999973277
421 0.09375000000031564 0.843749999999852 0.06249999999983236
422 0.06250000000021044 0.8437500000000253 0.09374999999976419
423 0.1250000000004209 0.8437499999996786 0.03124999999990052
424 0.09375000000031558 0.8749999999997524 0.03124999999993205
425 0.03125000000010525 0.8750000000000993 0.0937499999997955
426 0.1562500000005262 0.7812499999996729 0.06249999999980083
427 0.1875000000006314 0.7812499999994681 0.03124999999990052
428 0.1562500000005261 0.8124999999995735 0.03124999999990052
429 0.03125000000010519 0.9062500000000473 0.06249999999984746
430 0.06250000000021033 0.9062499999998577 0.03124999999993205
431 0.03125000000010508 0.9374999999999791 0.03124999999991573
432 0.4687500000015788 0.03125000000010522 0.4999999999983159
433 0.4375000000014736 0.03125000000010528 0.531249999998421
434 0.4062500000013683 0.06250000000021047 0.5312499999984213
435 0.4062500000013683 0.03125000000010525 0.5624999999985265
436 0.4062500000013683 0.09375000000031575 0.4999999999983159
437 0.3750000000012631 0.09375000000031572 0.5312499999984213
438 0.375000000001263 0.03125000000010522 0.5937499999986318
439 0.3437500000011578 0.125000000000421 0.5312499999984213
440 0.3437500000011578 0.09375000000031575 0.5624999999985265
441 0.3125000000010525 0.09375000000031576 0.5937499999986318
442 0.3437500000011578 0.0625000000002105 0.5937499999986318
443 0.2812500000009473 0.125000000000421 0.5937499999986318
444 0.2812500000009473 0.09375000000031576 0.624999999998737
445 0.3437500000011577 0.03125000000010519 0.624999999998737
446 0.3437500000011579 0.1562500000005262 0.4999999999983159
447 0.3125000000010525 0.1562500000005262 0.5312499999984213
448 0.2812500000009473 0.1875000000006315 0.5312499999984213
449 0.2812500000009473 0.1562500000005262 0.5624999999985265
450 0.2812500000009473 0.2187500000007368 0.4999999999983159
451 0.250000000000842 0.2187500000007368 0.5312499999984213
452 0.250000000000842 0.1562500000005263 0.5937499999986318
453 0.3125000000010525 0.03125000000010525 0.6562499999988423
454 0.2812500000009473 0.06250000000021051 0.6562499999988423
455 0.2812500000009473 0.03125000000010525 0.6874999999989475
456 0.250000000000842 0.09375000000031576 0.6562499999988423
457 0.250000000000842 0.03125000000010526 0.7187499999990528
458 0.2187500000007368 0.250000000000842 0.5312499999984213
459 0.2187500000007368 0.2187500000007368 0.5624999999985265
460 0.1875000000006315 0.2187500000007368 0.5937499999986318
461 0.2187500000007368 0.1875000000006315 0.5937499999986318
462 0.1562500000005263 0.250000000000842 0.5937499999986318
463 0.1562500000005263 0.2187500000007368 0.624999999998737
464 0.2187500000007368 0.1562500000005263 0.624999999998737
465 0.125000000000421 0.2187500000007368 0.6562499999988423
466 0.1562500000005263 0.1875000000006315 0.6562499999988423
467 0.1562500000005263 0.1562500000005263 0.6874999999989475
468 0.1875000000006315 0.1562500000005263 0.6562499999988423
469 0.125000000000421 0.1562500000005263 0.7187499999990528
470 0.1562500000005263 0.125000000000421 0.7187499999990528
471 0.2187500000007368 0.125000000000421 0.6562499999988423
472 0.09375000000031576 0.250000000000842 0.6562499999988423
473 0.09375000000031576 0.2187500000007368 0.6874999999989475
474 0.06250000000021051 0.2187500000007368 0.7187499999990528
475 0.09375000000031578 0.1875000000006315 0.7187499999990528
476 0.03125000000010526 0.250000000000842 0.7187499999990528
477 0.03125000000010524 0.2187500000007367 0.749999999999158
478 0.09375000000031575 0.1562500000005262 0.749999999999158
479 0.2187500000007368 0.09375000000031576 0.6874999999989475
480 0.1875000000006315 0.09375000000031578 0.7187499999990528
481 0.2187500000007368 0.06250000000021051 0.7187499999990528
482 0.1562500000005262 0.09375000000031575 0.749999999999158
483 0.2187500000007367 0.03125000000010524 0.749999999999158
484 0.2187500000007368 0.2812500000009473 0.4999999999983159
485 0.1875000000006315 0.2812500000009473 0.5312499999984213
486 0.1562500000005262 0.3125000000010525 0.5312499999984213
487 0.1562500000005262 0.2812500000009473 0.5624999999985265
488 0.1562500000005262 0.3437500000011579 0.4999999999983159
489 0.125000000000421 0.3437500000011578 0.5312499999984213
490 0.125000000000421 0.2812500000009473 0.5937499999986318
491 0.09375000000031572 0.3750000000012631 0.5312499999984213
492 0.09375000000031575 0.3437500000011578 0.5624999999985265
493 0.0625000000002105 0.3437500000011578 0.5937499999986318
494 0.09375000000031576 0.3125000000010525 0.5937499999986318
495 0.03125000000010522 0.375000000001263 0.5937499999986318
496 0.03125000000010519 0.3437500000011577 0.624999999998737
497 0.09375000000031576 0.2812500000009473 0.624999999998737
498 0.09375000000031575 0.4062500000013683 0.4999999999983159
499 0.06250000000021047 0.4062500000013683 0.5312499999984213
500 0.03125000000010528 0.4375000000014736 0.531249999998421
501 0.03125000000010525 0.4062500000013683 0.5624999999985265
502 0.03125000000010522 0.4687500000015788 0.4999999999983159
503 0.06250000000021051 0.2812500000009473 0.6562499999988423
504 0.03125000000010525 0.3125000000010525 0.6562499999988423
505 0.03125000000010525 0.2812500000009473 0.6874999999989475
506 0.1875000000006315 0.03125000000010522 0.7812499999992633
507 0.1562500000005262 0.06250000000021047 0.7812499999992633
508 0.1562500000005262 0.03125000000010522 0.8124999999993685
509 0.125000000000421 0.09375000000031573 0.7812499999992633
510 0.125000000000421 0.03125000000010523 0.8437499999994738
511 0.09375000000031573 0.125000000000421 0.7812499999992633
512 0.09375000000031573 0.09375000000031573 0.8124999999993685
513 0.06250000000021048 0.09375000000031573 0.8437499999994738
514 0.09375000000031573 0.06250000000021048 0.8437499999994738
515 0.03125000000010523 0.125000000000421 0.8437499999994738
516 0.03125000000010524 0.09375000000031575 0.874999999999579
517 0.09375000000031575 0.03125000000010524 0.874999999999579
518 0.06250000000021047 0.1562500000005262 0.7812499999992633
519 0.03125000000010522 0.1875000000006315 0.7812499999992633
520 0.03125000000010522 0.1562500000005262 0.8124999999993685
521 0.0625000000002105 0.03125000000010524 0.9062499999996843
522 0.03125000000010524 0.0625000000002105 0.9062499999996843
523 0.03125000000010525 0.03125000000010525 0.9374999999997895
524 0.4687500000015788 0.06249999999999997 0.4687499999984212
525 0.4687500000015788 0.09374999999989472 0.4374999999985264
526 0.4375000000014736 0.09375000000010522 0.4687499999984212
527 0.4687500000015788 0.1249999999997895 0.4062499999986317
528 0.4062500000013683 0.1250000000002105 0.4687499999984212
529 0.4687500000015788 0.1562499999996842 0.3749999999987369
530 0.4375000000014736 0.1562499999998947 0.4062499999986317
531 0.4062500000013683 0.1875 0.4062499999986317
532 0.4062500000013683 0.1562500000001052 0.4374999999985264
533 0.4062500000013683 0.2187499999998948 0.3749999999987369
534 0.3750000000012631 0.2187500000001052 0.4062499999986317
535 0.3750000000012631 0.1562500000003157 0.4687499999984212
536 0.4687500000015788 0.187499999999579 0.3437499999988421
537 0.4687500000015788 0.2187499999994737 0.3124999999989475
538 0.4375000000014736 0.2187499999996843 0.3437499999988421
539 0.4687500000015788 0.2499999999993684 0.2812499999990528
540 0.4062500000013683 0.2499999999997895 0.3437499999988421
541 0.3437500000011579 0.187500000000421 0.4687499999984212
542 0.3437500000011579 0.2187500000003158 0.4374999999985264
543 0.3125000000010525 0.2187500000005263 0.4687499999984212
544 0.3437500000011579 0.2500000000002105 0.4062499999986317
545 0.2812500000009473 0.2500000000006316 0.4687499999984212
546 0.4687500000015788 0.2812499999992631 0.249999999999158
547 0.4375000000014735 0.2812499999994737 0.2812499999990528
548 0.4062500000013683 0.3124999999995789 0.2812499999990528
549 0.4062500000013683 0.2812499999996842 0.3124999999989475
550 0.4062500000013683 0.3437499999994737 0.249999999999158
551 0.375000000001263 0.3437499999996842 0.2812499999990528
552 0.3750000000012631 0.2812499999998948 0.3437499999988421
553 0.3437500000011578 0.3749999999997894 0.2812499999990528
554 0.3437500000011578 0.3437499999998947 0.3124999999989475
555 0.3125000000010525 0.3437500000001053 0.3437499999988421
556 0.3437500000011579 0.3125 0.3437499999988421
557 0.2812500000009473 0.3750000000002106 0.3437499999988421
558 0.2812500000009473 0.3437500000003158 0.3749999999987369
559 0.3437500000011579 0.2812500000001052 0.3749999999987369
560 0.3437500000011578 0.4062499999996842 0.249999999999158
561 0.3125000000010525 0.4062499999998948 0.2812499999990528
562 0.2812500000009472 0.4375 0.2812499999990528
563 0.2812500000009472 0.4062500000001052 0.3124999999989475
564 0.2812500000009472 0.4687499999998948 0.249999999999158
565 0.250000000000842 0.4687500000001052 0.2812499999990528
566 0.250000000000842 0.4062500000003158 0.3437499999988421
567 0.3125000000010525 0.2812500000003158 0.4062499999986317
568 0.2812500000009473 0.3125000000004211 0.4062499999986317
569 0.2812500000009473 0.2812500000005263 0.4374999999985264
570 0.250000000000842 0.3437500000005263 0.4062499999986317
571 0.250000000000842 0.2812500000007368 0.4687499999984212
572 0.4687500000015788 0.3124999999991579 0.2187499999992633
573 0.4687500000015787 0.3437499999990526 0.1874999999993686
574 0.4375000000014735 0.3437499999992632 0.2187499999992633
575 0.4687500000015787 0.3749999999989474 0.1562499999994739
576 0.4062500000013683 0.3749999999993684 0.2187499999992633
577 0.4687500000015787 0.4062499999988421 0.1249999999995791
578 0.4375000000014735 0.4062499999990526 0.1562499999994739
579 0.4062500000013682 0.4374999999991579 0.1562499999994739
580 0.4062500000013682 0.4062499999992631 0.1874999999993686
581 0.4062500000013682 0.4687499999990526 0.1249999999995791
582 0.375000000001263 0.4687499999992631 0.1562499999994739
583 0.375000000001263 0.4062499999994737 0.2187499999992633
584 0.4687500000015787 0.4374999999987369 0.09374999999968436
585 0.4687500000015787 0.4687499999986317 0.06249999999978961
586 0.4375000000014735 0.4687499999988421 0.09374999999968436
587 0.3437500000011578 0.4374999999995789 0.2187499999992633
588 0.3437500000011577 0.4687499999994736 0.1874999999993686
589 0.3125000000010525 0.4687499999996843 0.2187499999992633
590 0.2187500000007368 0.312500000000842 0.4687499999984212
591 0.2187500000007368 0.3437500000007368 0.4374999999985264
592 0.1875000000006315 0.3437500000009474 0.4687499999984212
593 0.2187500000007368 0.3750000000006316 0.4062499999986317
594 0.1562500000005263 0.3750000000010526 0.4687499999984212
595 0.2187500000007368 0.4062500000005263 0.3749999999987369
596 0.1875000000006315 0.4062500000007369 0.4062499999986317
597 0.1562500000005262 0.4375000000008421 0.4062499999986317
598 0.1562500000005262 0.4062500000009474 0.4374999999985264
599 0.1562500000005262 0.4687500000007369 0.3749999999987369
600 0.125000000000421 0.4687500000009474 0.4062499999986317
601 0.125000000000421 0.4062500000011579 0.4687499999984212
602 0.2187500000007368 0.4375000000004211 0.3437499999988421
603 0.2187500000007367 0.4687500000003157 0.3124999999989475
604 0.1875000000006315 0.4687500000005264 0.3437499999988421
605 0.09375000000031575 0.4375000000012631 0.4687499999984212
606 0.09375000000031575 0.4687500000011579 0.4374999999985264
607 0.0625000000002105 0.4687500000013683 0.4687499999984212
608 0.250000000000842 0 0.249999999999158
609 0.6249999999997343 0 0.1249999999996016
610 0.5000000000008195 0 0.2499999999991806
611 0.3749999999997569 0 0.124999999999579
612 0.3750000000012631 0 0.3749999999987369
613 0.125000000000421 0 0.124999999999579
614 0.250000000000842 0 0.499999999999158
615 0.125000000000421 0 0.6249999999989149
616 0.125000000000421 0 0.3749999999989149
617 0.8124999999998042 0 0.06249999999986378
618 0.7500000000000033 0 0.1249999999996646
619 0.687499999999535 0 0.06249999999980081
620 0.6875000000002656 0 0.1874999999994024
621 0.5624999999992031 0 0.06249999999980081
622 0.6250000000008081 0 0.2499999999991919
623 0.5625000000002769 0 0.1874999999993911
624 0.4375000000002882 0 0.1874999999993798
625 0.4999999999997456 0 0.1249999999995903
626 0.3750000000008308 0 0.2499999999991693
627 0.3125000000002995 0 0.1874999999993684
628 0.4374999999992144 0 0.06249999999978949
629 0.56250000000103 0 0.31249999999897
630 0.5000000000012518 0 0.3749999999987482
631 0.4375000000010413 0 0.3124999999989587
632 0.4375000000014736 0 0.4374999999985264
633 0.3125000000010526 0 0.3124999999989474
634 0.3124999999995826 0 0.06249999999978949
635 0.250000000000089 0 0.124999999999579
636 0.1874999999999147 0 0.06249999999978949
637 0.1875000000006316 0 0.1874999999993684
638 0.06250000000021051 0 0.06249999999978949
639 0.375000000001263 0 0.499999999998737
640 0.3125000000010525 0 0.5624999999989475
641 0.3125000000010525 0 0.4374999999989475
642 0.250000000000842 0 0.624999999999158
643 0.250000000000842 0 0.374999999999158
644 0.1875000000006315 0 0.6874999999990364
645 0.1875000000006315 0 0.5624999999990364
646 0.125000000000421 0 0.4999999999989149
647 0.1875000000006315 0 0.4374999999990364
648 0.0625000000002105 0 0.5624999999987933
649 0.06250000000021051 0 0.4374999999987933
650 0.1875000000006316 0 0.3124999999990364
651 0.125000000000421 0 0.7499999999992469
652 0.0625000000002105 0 0.8124999999994574
653 0.0625000000002105 0 0.6874999999991254
654 0.125000000000421 0 0.2499999999992469
655 0.06250000000021051 0 0.3124999999991616
656 0.06250000000021051 0 0.1874999999994936
657 0.9062499999999184 0 0.03124999999991556
658 0.8749999999999865 0 0.06249999999984746
659 0.843749999999736 0 0.03124999999993189
660 0.8437500000000383 0 0.09374999999979566
661 0.78124999999957 0 0.03124999999993189
662 0.8125000000001379 0 0.1249999999996961
663 0.7812499999999037 0 0.09374999999976417
664 0.7187499999997692 0 0.09374999999973269
665 0.7499999999996696 0 0.06249999999983229
666 0.6874999999998688 0 0.1249999999996331
667 0.6562499999996347 0 0.09374999999970121
668 0.7187499999994355 0 0.0312499999999004
669 0.7812500000002746 0 0.1562499999995594
670 0.7500000000004057 0 0.1874999999994283
671 0.7187500000001344 0 0.1562499999995335
672 0.7187500000005311 0 0.2187499999993028
673 0.65625 0 0.156249999999502
674 0.6562499999992695 0 0.0312499999999004
675 0.6249999999993691 0 0.06249999999980081
676 0.5937499999991034 0 0.0312499999999004
677 0.5937499999994686 0 0.09374999999970121
678 0.5312499999989374 0 0.0312499999999004
679 0.6875000000008025 0 0.2499999999991976
680 0.6562500000005369 0 0.2187499999992972
681 0.5937500000005425 0 0.2187499999992915
682 0.6250000000002712 0 0.1874999999993968
683 0.5625000000008138 0 0.2499999999991863
684 0.5312500000005482 0 0.2187499999992858
685 0.5937500000000056 0 0.1562499999994963
686 0.4687500000005538 0 0.2187499999992802
687 0.5000000000002826 0 0.1874999999993854
688 0.4687500000000169 0 0.156249999999485
689 0.5312500000000113 0 0.1562499999994907
690 0.4062500000000225 0 0.1562499999994794
691 0.4374999999997513 0 0.1249999999995846
692 0.56249999999974 0 0.124999999999596
693 0.4375000000008251 0 0.2499999999991749
694 0.4062500000005595 0 0.2187499999992745
695 0.3437500000005651 0 0.2187499999992689
696 0.3750000000002939 0 0.1874999999993741
697 0.3125000000008364 0 0.2499999999991636
698 0.2812500000005708 0 0.2187499999992632
699 0.3437500000000282 0 0.1562499999994737
700 0.5312499999994744 0 0.09374999999969555
701 0.46874999999948 0 0.09374999999968989
702 0.4999999999992087 0 0.06249999999979515
703 0.4062499999994856 0 0.09374999999968422
704 0.4687499999989431 0 0.03124999999989474
705 0.6562500000009048 0 0.2812499999990952
706 0.6250000000010156 0 0.3124999999989843
707 0.593750000000919 0 0.281249999999081
708 0.5937500000011352 0 0.3437499999988648
709 0.5312500000009247 0 0.2812499999990753
710 0.5625000000012461 0 0.3749999999987539
711 0.5312500000011409 0 0.3437499999988591
712 0.4687500000011465 0 0.3437499999988535
713 0.5000000000010356 0 0.3124999999989644
714 0.4375000000012574 0 0.3749999999987426
715 0.4062500000011522 0 0.3437499999988478
716 0.4687500000009304 0 0.2812499999990696
717 0.5312500000013602 0 0.4062499999986398
718 0.5000000000014713 0 0.4374999999985288
719 0.4687500000013627 0 0.4062499999986373
720 0.4687500000015788 0 0.4687499999984212
721 0.4062500000013683 0 0.4062499999986317
722 0.406250000000936 0 0.281249999999064
723 0.3750000000010469 0 0.3124999999989531
724 0.3437500000009417 0 0.2812499999990583
725 0.3437500000011579 0 0.3437499999988421
726 0.2812500000009474 0 0.2812499999990526
727 0.4062499999991272 0 0.03124999999989474
728 0.3749999999993985 0 0.06249999999978949
729 0.3437499999993113 0 0.03124999999989474
730 0.3437499999996698 0 0.09374999999968422
731 0.2812499999994955 0 0.03124999999989474
732 0.312499999999923 0 0.124999999999579
733 0.2812499999998358 0 0.09374999999968422
734 0.2187500000000018 0 0.09374999999968422
735 0.2499999999997486 0 0.06249999999978949
736 0.187500000000255 0 0.124999999999579
737 0.1562500000001679 0 0.09374999999968422
738 0.2187499999996615 0 0.03124999999989474
739 0.2812500000001942 0 0.1562499999994737
740 0.2500000000004655 0 0.1874999999993684
741 0.2187500000003603 0 0.1562499999994737
742 0.2187500000007368 0 0.2187499999992632
743 0.1562500000005263 0 0.1562499999994737
744 0.1562499999998443 0 0.03124999999989474
745 0.1250000000000626 0 0.06249999999978949
746 0.09374999999999217 0 0.03124999999989474
747 0.09375000000031578 0 0.09374999999968422
748 0.03125000000010526 0 0.03124999999989474
749 0.4375000000014736 0 0.4999999999985264
750 0.4062500000013683 0 0.5312499999986317
751 0.4062500000013683 0 0.4687499999986317
